NC_020133.1
33698 44497
49173 49223
49727 50017
79482 90788
97539 98902
101955 103330
117196 118650
147219 147964
152921 154135
180248 181741
182107 182247
204297 205821
207425 208700
213667 213744
225973 227338
244770 244931
265990 267362
274895 276394
292065 293440
293682 296067
377956 393152
401712 404572
455426 457310
488883 489886
499860 500158
519223 520577
525922 535212
537448 538812
540743 541610
552886 553043
561446 562821
567594 568343
594699 595000
624485 624672
626358 644582
644897 646272
646957 648332
654732 654792
656032 656507
660227 661107
661818 662750
663903 664417
664786 665171
674941 675526
683198 683690
712371 713745
736449 736681
743675 746368
748755 749575
756796 760001
785922 786465
787836 787910
799900 800006
824439 826237
846268 846831
847243 848547
874251 875883
878428 880127
882838 884211
884983 886204
889292 890656
908835 909691
910010 912822
942626 943114
944194 954365
956268 959663
1051720 1054198
1056051 1138351
1144852 1148399
1188957 1190330
1203171 1205082
1219430 1220646
1255684 1258440
1259188 1259841
1289152 1289644
1352965 1354170
1356061 1357435
1358592 1359943
1407059 1413741
1416981 1417044
1429036 1429085
1446755 1446935
1448674 1449385
1451293 1452176
1454201 1456286
1456434 1457106
1457590 1457831
1465373 1465809
1508781 1509085
1576718 1576958
1578162 1579438
1593534 1594908
1595183 1595690
1616783 1624078
1656922 1657277
1688127 1688297
1688787 1688861
1689083 1689998
1700100 1703719
1704528 1705234
1722045 1723921
1725776 1727148
1734622 1734925
1735718 1736933
1743815 1744059
1755142 1756506
1757223 1758511
1777069 1779835
1780371 1781744
1793615 1794990
1795111 1801583
1801682 1801755
1817287 1818214
1818303 1818661
1848241 1848775
1849448 1849697
1850020 1856645
1861535 1861623
1861912 1863285
1878845 1880209
1883807 1891001
1908372 1911673
1957753 1957812
1961862 1961971
1993111 1994315
2002531 2004913
2016641 2017450
2059493 2059675
2060668 2062043
2091453 2092631
2121819 2121879
2150047 2151265
2154543 2159350
2179721 2179786
2181607 2183915
2184424 2218905
2242869 2245758
2286885 2288364
2324197 2324254
2333837 2335204
2346937 2348152
2353888 2355630
2378658 2380451
2402164 2402612
2403604 2403819
2404770 2410356
2417080 2419827
2427442 2433177
2438991 2440364
2444815 2445009
2462511 2462725
2481456 2481544
2482365 2482593
2488834 2489174
2494699 2496072
2498575 2498978
2506852 2507628
2520795 2522158
2522710 2525167
2547788 2549161
2561882 2562861
2567246 2568620
2573071 2582526
2583548 2585321
2604217 2605468
2623450 2634494
2636653 2637873
2651933 2654574
2666281 2668057
2702510 2703028
2712065 2712138
2716455 2726449
2731408 2738010
2739416 2742691
2744061 2744305
2745484 2745656
2746744 2748108
2753337 2753408
2761215 2761791
2773129 2801309
2803371 2805712
2827459 2829141
2846507 2846636
2851531 2851812
2859788 2864830
2881810 2881965
2891496 2893204
2895778 2896085
2903879 2905802
2909328 2910701
2935496 2939097
2948199 2950291
2961043 2963597
2984415 2985774
2993006 2994382
2996605 2997308
3002379 3002638
3015254 3016628
3026972 3027139
3027966 3028092
3054284 3056141
3057298 3058674
3072700 3080613
3081392 3082078
3088819 3093214
3111409 3112329
3119304 3121608
3130522 3130930
3138796 3144590
3192589 3192863
3220365 3220535
3261318 3262260
3262742 3262974
3264890 3265708
3275319 3275532
3276862 3277045
3277653 3277884
3278221 3279889
3281380 3281963
3282041 3282134
3282624 3283518
3284161 3284226
3284431 3284855
3289068 3289453
3312108 3325944
3333432 3334807
3355822 3356009
3358774 3363538
3365443 3366808
3371989 3373242
3392637 3392722
3410661 3414634
3416785 3421240
3485177 3486549
3488800 3491628
3556374 3557739
3558237 3561946
3564990 3590724
3591914 3592099
3608307 3608385
3609763 3609848
3630337 3631706
3632324 3632623
3635365 3636986
3655811 3656537
3656730 3657946
3663025 3663544
3671573 3672788
3687208 3688622
3694198 3698738
3718101 3719263
3740808 3741465
3774680 3775042
3788513 3788619
3791358 3794644
3795394 3799286
3799869 3801576
3803311 3804664
3805738 3807112
3809707 3815280
3824069 3825589
3843801 3844502
3857323 3857390
3865159 3866974
3872185 3901451
3919175 3920390
3930301 3930383
3935141 3936421
3943221 3944510
3947264 3961985
3965312 3965997
3974770 3975078
3979257 3979490
4000707 4001425
4005241 4006524
4024627 4025612
4045336 4045711
4077513 4078468
4085147 4086522
4102208 4103583
4105368 4132912
4140775 4147293
4147590 4148965
4155540 4155841
4156427 4158136
4158757 4158851
4159789 4159917
4160769 4162144
4164400 4165090
4172167 4172274
4187670 4187858
4194643 4196016
4208818 4210109
4221075 4221187
4222092 4223578
4236154 4237519
4238567 4241782
4243354 4247450
4258674 4261052
4266202 4267577
4324261 4324397
4325759 4326959
4341627 4341707
4360164 4362314
4363555 4364085
4364198 4365062
4371379 4371744
4373021 4373286
4373978 4375987
4392510 4393885
4394406 4395912
4409748 4409809
4413668 4415299
4429192 4430567
4431201 4432566
4453530 4458582
4467421 4472098
4473005 4473248
4499463 4500752
4502610 4502829
4520058 4525686
4531034 4553709
4563801 4566008
4598436 4603042
4667269 4667331
4669829 4670186
4686207 4686900
4693021 4694239
4713867 4714786
4735500 4735833
4740271 4740668
4757355 4757769
4763067 4763135
4775202 4775418
4788286 4788525
4791826 4792157
4804870 4805223
4822705 4826263
4835228 4836603
4845265 4858128
4861188 4862562
4893127 4898004
4899767 4901142
4918041 4921427
4922013 4924229
4927453 4933771
4939186 4943421
4958853 4960215
4965842 4967075
4969883 4972422
4983145 4984520
4985584 4986363
4989209 4989989
5002524 5003462
5014915 5015004
5026285 5028162
5029276 5029978
5030327 5030763
5036623 5038753
5039080 5040968
5067110 5077138
5093769 5093955
5106552 5106775
5170315 5171369
5186433 5186807
5193697 5195822
5214867 5215524
5237462 5240520
5244736 5247822
5258609 5262517
5275091 5277430
5312933 5313047
5353923 5355206
5380665 5380908
5381123 5381242
5390578 5391866
5393651 5400849
5453686 5455050
5473276 5473432
5473890 5474440
5492277 5493652
5531451 5532665
5579453 5580826
5599538 5599622
5628393 5629468
5663745 5664084
5678295 5679511
5682821 5683412
5709638 5710565
5716287 5720068
5768713 5772927
5775375 5775972
5785421 5785577
5795631 5795837
5796530 5799554
5799963 5801336
5814525 5819244
5896478 5898533
5912146 5912344
5916631 5917995
5919995 5920311
5944988 5946275
5957155 5961684
5961888 5962376
5962691 5962762
5965847 5967212
5972943 5980751
5981741 5982025
5985034 5988585
6005255 6007063
6008207 6008334
6015315 6017803
6025815 6034279
6034588 6036092
6038148 6039523
6059617 6060303
6060794 6061717
6062325 6062390
6063680 6064485
6102638 6102763
6109520 6109587
6128350 6131158
6133498 6133899
6136593 6136933
6137772 6138393
6151552 6152927
6155622 6156219
6161524 6162789
6171278 6183626
